1
1 1 2 2 2 3 4 5 6
7 7 8 8 3 3 4 5 6
7 7 9 9 3 10 11 11 6
12 13 13 9 14 10 11 15 6
12 16 16 17 14 10 15 15 18
19 16 20 17 14 21 22 22 18
19 20 20 17 23 21 21 24 24
19 25 26 23 23 27 27 24 24
19 25 26 23 28 28 28 29 29
1 3,2 15,3 22,4 4,5 16,6 15,7 25,8 17,9 9,10 8,11 20,12 6,13 14,14 17,15 17,16 13,17 20,18 12,19 27,20 6,21 20,22 6,23 10,24 14,25 8,26 16,27 15,28 13,29 17
2
1 1 1 2 3 3 4 4 5 
6 7 7 2 8 8 9 9 5
6 10 10 11 11 12 13 13 5
14 10 15 15 11 12 16 17 17 
14 18 18 15 19 19 16 16 20
14 18 21 22 22 23 23 20 20
24 25 21 26 26 26 27 28 29
24 25 21 30 30 31 27 28 29
32 32 33 33 33 31 34 34 34
1 18,2 13,3 4,4 12,5 12,6 5,7 14,8 7,9 12,10 16,11 16,12 14,13 9,14 17,15 14,16 8,17 12,18 15,19 8,20 17,21 8,22 14,23 12,24 13,25 5,26 18,27 11,28 11,29 11,30 7,31 9,32 11,33 20,34 12
3
1 1 2 2 3 4 4 5 6
7 7 8 8 3 9 9 5 6
10 10 11 11 12 13 13 14 14
15 15 16 16 12 17 18 19 20
21 22 23 24 24 17 18 19 20
21 22 23 25 25 26 26 27 28
29 30 30 31 32 32 33 27 28
29 30 30 31 34 35 33 27 34
29 35 35 34 34 35 36 36 34
1 11,2 11,3 16,4 3,5 14,6 8,7 10,8 8,9 9,10 8,11 6,12 9,13 15,14 8,15 14,16 12,17 6,18 8,19 16,20 12,21 9,22 5,23 12,24 9,25 14,26 9,27 9,28 8,29 22,30 13,31 13,32 13,33 14,34 7,35 12,36 10,37 10,38 12
4
1 1 1 2 2 2 3 3 4
5 5 6 6 7 7 3 8 4
9 10 6 6 11 12 12 8 4
9 10 13 13 11 14 14 15 15
16 16 16 13 11 14 17 17 17
18 18 13 13 11 14 14 19 20
21 22 23 23 11 24 24 19 20
21 22 25 26 26 24 24 27 27
21 25 25 28 28 28 29 29 29
1 11,2 11,3 19,4 20,5 7,6 28,7 7,8 4,9 10,10 10,11 24,12 10,13 29,14 28,15 8,16 10,17 13,18 14,19 16,20 5,21 18,22 12,23 4,24 24,25 14,26 5,27 14,28 19,29 11 
5
1 1 2 3 3 3 4 4 5
2 2 2 6 3 3 4 7 5 
8 2 6 6 9 9 10 7 7
8 11 11 12 9 10 10 13 13
14 14 11 12 9 15 16 17 17
18 18 19 19 9 15 16 16 20
21 21 19 9 9 22 22 23 20
24 21 25 26 26 22 23 23 23
24 25 25 26 26 26 23 27 27
1 16,2 17,3 26,4 12,5 10,6 14,7 21,8 17,9 28,10 14,11 14,12 13,13 4,14 3,15 14,16 22,17 13,18 11,19 20,20 10,21 13,22 10,23 26,24 8,25 15,26 26,27 8
6
1 1 2 3 3 4 5 6 6
7 8 2 2 4 4 5 6 6
7 8 9 9 10 10 11 11 12
13 14 9 9 10 10 11 15 12
13 14 16 17 17 17 11 15 18
19 14 16 20 20 21 21 15 18
19 16 16 20 20 21 21 22 23
24 24 25 26 26 27 27 22 23
24 24 25 26 28 28 27 29 29
1 6,2 20,3 8,4 15,5 4,6 24,7 7,8 16,9 23,10 18,11 20,12 5,13 10,14 10,15 20,16 18,17 19,18 9,19 8,20 24,21 23,22 9,23 12,24 30,25 5,26 10,27 16,28 11,29 5
7
1 2 3 4 4 5 5 6 7
1 2 3 4 8 8 9 6 7
1 10 3 4 8 8 9 11 11
1 10 12 12 13 13 14 14 15
1 16 16 17 17 13 14 14 15
18 19 19 17 20 20 14 14 14
18 18 21 21 22 22 14 23 24
25 25 25 26 26 26 23 23 24
27 27 26 26 28 28 29 29 24
1 24,2 13,3 15,4 22,5 14,6 17,7 5,8 14,9 5,10 6,11 13,12 7,13 17,14 39,15 15,16 12,17 20,18 12,19 14,20 3,21 11,22 6,23 12,24 13,25 17,26 21,27 12,28 15,29 11
8
1 1 2 2 3 4 4 5 5
1 6 6 6 3 4 5 5 7
8 6 9 9 10 10 11 11 7
8 12 12 13 13 14 14 7 7
15 15 16 13 13 13 14 17 17
18 18 16 16 13 13 19 19 20
18 21 21 22 22 23 23 24 20
18 25 25 26 27 24 24 24 28
25 25 26 26 27 29 29 28 28
1 14,2 15,3 10,4 18,5 19,6 18,7 17,8 9,9 5,10 6,11 17,12 15,13 36,14 12,15 6,16 15,17 12,18 22,19 6,20 17,21 10,22 5,23 13,24 16,25 16,26 23,27 16,28 11,29 6
9
1 1 1 2 2 2 3 3 4
5 5 6 6 7 8 8 3 4
5 5 9 9 7 8 10 11 11
12 12 13 9 14 14 10 15 16
12 17 13 18 18 18 19 15 16
12 17 20 21 21 22 19 16 16
23 23 20 24 25 22 22 26 26
27 28 24 24 25 29 29 26 26
27 28 28 30 30 30 31 31 31
1 19,2 20,3 11,4 7,5 16,6 15,7 10,8 14,9 6,10 13,11 15,12 17,13 11,14 11,15 10,16 14,17 15,18 14,19 12,20 9,21 15,22 6,23 11,24 18,25 7,26 24,27 10,28 11,29 6,30 20,31 18
10
1 2 2 2 3 4 4 4 5
1 2 2 6 3 7 4 4 5
8 8 9 6 3 7 10 11 11
12 12 9 6 3 7 10 13 13
14 14 14 6 15 7 16 16 16
17 17 18 18 15 19 19 20 20
21 22 23 18 15 19 23 24 25
21 22 23 23 23 23 23 24 25
21 22 22 26 26 26 24 24 25
1 6,2 23,3 22,4 23,5 12,6 21,7 21,8 8,9 10,10 10,11 11,12 9,13 13,14 14,15 14,16 13,17 14,18 13,19 12,20 8,21 16,22 17,23 38,24 24,25 14,26 19